VNUM	TYPE	MODEL	NAME	REG_1	REG_2	REG_3	REG_4	XROT_LIMIT	YROT_LIMIT	ZROT_LIMIT	PRICE	MATERIALS	NPC	GROUP	DEPEND_GROUP	ENABLE_FLAG	NEW_WORLD
14013	FACILITY	jedan	ÍÏÇÏí ÇáÃÓáÍÉ	-525	-525	525	525	0	0	360	20000000	90010,20/90011,30/90012,20	20044	2	1	1	0
14014	FACILITY	jedan	ÍÏÇÏí ÇáÏÑæÚ	-525	-525	525	525	0	0	360	20000000	90010,20/90011,30/90012,20	20045	2	1	1	0
14015	FACILITY	jedan	ÌæÇåÑí	-525	-525	525	525	0	0	360	20000000	90010,20/90011,30/90012,20	20046	2	1	1	0
14033	FACILITY	suryeonjang	ãÑßÒ ÇáÊÏÑíÈ	-832.57	-472.99	832.57	472.99	0	0	360	20000000	90010,25/90011,25/90012,25	0	0	0	2	0
14043	FACILITY	yonggwangro	İÑä ÇáãÇÓ	-179.63	-199.89	179.63	199.89	0	0	360	20000000	90010,15/90011,20/90012,25	20060	3	1	1	0
14045	FACILITY	yonggwangro	İÑä ÇáÎÔÈ ÇáÃÍİæÑí	-179.63	-199.89	179.63	199.89	0	0	360	20000000	90010,15/90011,20/90012,25	20062	3	1	1	0
14046	FACILITY	yonggwangro	İÑä ÇáäÍÇÓ	-179.63	-199.89	179.63	199.89	0	0	360	20000000	90010,15/90011,20/90012,25	20063	3	1	1	0
14047	FACILITY	yonggwangro	İÑä ÇáİÖÉ	-179.63	-199.89	179.63	199.89	0	0	360	20000000	90010,15/90011,20/90012,25	20064	3	1	1	0
14048	FACILITY	yonggwangro	İÑä ÇáĞåÈ	-179.63	-199.89	179.63	199.89	0	0	360	20000000	90010,15/90011,20/90012,25	20065	3	1	1	0
14049	FACILITY	yonggwangro	İÑä ÍÌÑ ÇáíÔã	-179.63	-199.89	179.63	199.89	0	0	360	20000000	90010,15/90011,20/90012,25	20066	3	1	1	0
14050	FACILITY	yonggwangro	İÑä ÇáÃÈäæÓ	-179.63	-199.89	179.63	199.89	0	0	360	20000000	90010,15/90011,20/90012,25	20067	3	1	1	0
14051	FACILITY	yonggwangro	İÑä ÇááÄáÄ	-179.63	-199.89	179.63	199.89	0	0	360	20000000	90010,15/90011,20/90012,25	20068	3	1	1	0
14052	FACILITY	yonggwangro	İÑä ÇáĞåÈ ÇáÃÈíÖ	-179.63	-199.89	179.63	199.89	0	0	360	20000000	90010,15/90011,20/90012,25	20069	3	1	1	0
14053	FACILITY	yonggwangro	İÑä ÇáÈáæÑ	-179.63	-199.89	179.63	199.89	0	0	360	20000000	90010,15/90011,20/90012,25	20070	3	1	1	0
14054	FACILITY	yonggwangro	İÑä ÇáßæÇÑÒ	-179.63	-199.89	179.63	199.89	0	0	360	20000000	90010,15/90011,20/90012,25	20071	3	1	1	0
14055	FACILITY	yonggwangro	İÑä ÏãæÚ ÇáÓãÇÁ	-179.63	-199.89	179.63	199.89	0	0	360	20000000	90010,15/90011,20/90012,25	20072	3	1	1	0
14061	FACILITY	himuijedan_01	ãĞÈÍ ÇáŞæÉ	-523.91	-995.84	527.55	750.99	0	0	360	25000000	90010,25/90011,25/90012,25	20077	4	1	1	0
14062	FACILITY	himuijedan_02	ãĞÈÍ ÇáŞæÉ	-586.17	-995.84	587.18	818.56	0	0	360	500000000	90010,50/90011,50/90012,50	20078	4	4	2	0
14063	FACILITY	himuijedan_03	ãĞÈÍ ÇáŞæÉ	-664.7	-995.84	665.7	896.57	0	0	360	750000000	90010,75/90011,75/90012,75	20079	4	4	2	0
14071	FACILITY	guildbank_01	ãÓÊæÏÚ ÇáÑÇÈØÉ	-523.91	-995.84	527.55	750.99	0	0	360	25000000	"90010,25/90011,25/90012,25"	60000	6	1	1	0
14072	FACILITY	guildbank_02	ãÓÊæÏÚ ÇáÑÇÈØÉ	-586.17	-995.84	587.18	818.56	0	0	360	500000000	"90010,50/90011,50/90012,50"	60001	6	6	2	0
14073	FACILITY	guildbank_03	ãÓÊæÏÚ ÇáÑÇÈØÉ	-664.7	-995.84	665.7	896.57	0	0	360	750000000	"90010,75/90011,75/90012,75"	60002	6	6	2	0
14074	FACILITY	yonggwangro	İÑä ÈáæÑ ÇáÑæÍ	-179.63	-199.89	179.63	199.89	0	0	360	20000000	90010,15/90011,20/90012,25	20423	3	1	1	0
14075	FACILITY	yonggwangro	İÑä ÇáíÇŞæÊ	-179.63	-199.89	179.63	199.89	0	0	360	20000000	90010,15/90011,20/90012,25	20424	3	1	1	0
14076	FACILITY	yonggwangro	İÑä ÇáÚŞíŞ	-179.63	-199.89	179.63	199.89	0	0	360	20000000	90010,15/90011,20/90012,25	20425	3	1	1	0
14077	FACILITY	yonggwangro	İÑä ÇáÒãÑÏ	-179.63	-199.89	179.63	199.89	0	0	360	20000000	90010,15/90011,20/90012,25	20426	3	1	1	0
14078	FACILITY	yonggwangro	İÑä ÇáíÇŞæÊ ÇáÃÒÑŞ	-179.63	-199.89	179.63	199.89	0	0	360	20000000	90010,15/90011,20/90012,25	20427	3	1	1	0
14079	FACILITY	yonggwangro	İÑä ÇáÊæÑãÇáíä	-179.63	-199.89	179.63	199.89	0	0	360	20000000	90010,15/90011,20/90012,25	20428	3	1	1	0
14080	FACILITY	yonggwangro	İÑä ÇáíÔã ÇáÖÈÇÈí	-179.63	-199.89	179.63	199.89	0	0	360	1000000000	90015,20/90016,30/90017,20	20660	3	1	1	1
14081	FACILITY	yonggwangro	İÑä ÇáíÔã ÇáÔãÓí	-179.63	-199.89	179.63	199.89	0	0	360	1000000000	90015,20/90016,30/90017,20	20661	3	1	1	1
14082	FACILITY	yonggwangro	İÑä ÇáíÔã ÇáÙáÇãí	-179.63	-199.89	179.63	199.89	0	0	360	1000000000	90015,20/90016,30/90017,20	20662	3	1	1	1
14083	FACILITY	yonggwangro	İÑä ÇáíÔã ÇáÏÎÇäí	-179.63	-199.89	179.63	199.89	0	0	360	1000000000	90015,20/90016,30/90017,20	20663	3	1	1	1
14084	FACILITY	jedan	İÑä ÇáÌáæÏ	-525	-525	-525	525	0	0	360	1000000000	0	20835	2	1	1	1
14085	FACILITY	jedan	ÍÏÇÏ ÇáÌáæÏ	-525	-525	525	525	0	0	360	1000000000	90015,40/90016,60/90017,40/31225,1	20828	2	1	1	1
14100	HEADQUARTER	a1-011-workhouse	ÈíÊ (1)	-676.52	-894.26	690.18	749.32	0	0	360	20000000	90010,20/90011,30/90012,25	0	1	0	1	0
14101	OBJECT	a1-038-wall-corner	ÍÇÆØ ÍÌÑí (1-1)	-400	-153.53	156.48	400	0	0	360	2000000	90010,15/90011,5/90012,5	0	5	0	2	0
14102	OBJECT	a1-038-wall-lin	ÍÇÆØ ÍÌÑí (1-2)	-200	-106.73	300	106.73	0	0	360	1000000	90010,15/90011,5/90012,5	0	5	0	2	0
14103	OBJECT	a1-038-wall-lin2	ÍÇÆØ ÍÌÑí (1-3)	-500	-106.73	500	106.73	0	0	360	1000000	90010,15/90011,5/90012,5	0	5	0	2	0
14104	OBJECT	a1-038-wall-door	ÈæÇÈÉ (1)	-1000	-274.73	1000	274.73	0	0	360	2500000	90010,5/90011,15/90012,10	0	5	0	2	0
14105	BUILDIN	a1-set	ÍÇÆØ (1)	-1000	-274.73	1000	274.73	0	0	360	2500000	90010,5/90011,15/90012,10	0	5	0	1	0
14110	HEADQUARTER	b1-011-workhouse	ÈíÊ (2)	-678.76	-894.26	687.94	749.32	0	0	360	20000000	90010,20/90011,30/90012,25	0	1	0	1	0
14111	OBJECT	b1-038-wall-corner	ÍÇÆØ ÍÌÑí (2-1)	-400	-153.53	156.48	400	0	0	360	2000000	90010,15/90011,5/90012,5	0	5	0	2	0
14112	OBJECT	b1-038-wall-lin	ÍÇÆØ ÍÌÑí (2-2)	-200	-106.73	300	106.73	0	0	360	1000000	90010,15/90011,5/90012,5	0	5	0	2	0
14113	OBJECT	b1-038-wall-lin2	ÍÇÆØ ÍÌÑí (2-3)	-500	-106.73	500	106.73	0	0	360	1000000	90010,15/90011,5/90012,5	0	5	0	2	0
14114	OBJECT	b1-038-wall-door	ÈæÇÈÉ (2)	-1000	-274.73	1000	274.73	0	0	360	2500000	90010,5/90011,15/90012,10	0	5	0	2	0
14115	BUILDIN	b1-set	ÍÇÆØ (2)	-1000	-274.73	1000	274.73	0	0	360	2500000	90010,5/90011,15/90012,10	0	5	0	1	0
14120	HEADQUARTER	c1-011-workhouse	ÈíÊ (3)	-676.52	-894.26	690.18	749.32	0	0	360	20000000	90010,20/90011,30/90012,25	0	1	0	1	0
14121	OBJECT	c1-038-wall-corner	ÍÇÆØ ÍÌÑí (3-1)	-400	-153.53	156.48	400	0	0	360	2000000	90010,15/90011,5/90012,5	0	5	0	2	0
14122	OBJECT	c1-038-wall-lin	ÍÇÆØ ÍÌÑí (3-2)	-200	-106.73	300	106.73	0	0	360	1000000	90010,15/90011,5/90012,5	0	5	0	2	0
14123	OBJECT	c1-038-wall-lin2	ÍÇÆØ ÍÌÑí (3-3)	-500	-106.73	500	106.73	0	0	360	1000000	90010,15/90011,5/90012,5	0	5	0	2	0
14124	OBJECT	c1-038-wall-door	ÈæÇÈÉ (3)	-1000	-274.73	1000	274.73	0	0	360	2500000	90010,5/90011,15/90012,10	0	5	0	2	0
14125	BUILDIN	c1-set	ÍÇÆØ (3)	-1000	-274.73	1000	274.73	0	0	360	2500000	90010,5/90011,15/90012,10	0	5	0	1	0
14200	OBJECT	guild_symbol	ÑãÒ ÇáÑÇÈØÉ	-45.9	-9.44	42.68	40.13	0	0	360	3000000	90011,5/90012,5	0	0	1	1	0
14201	WALL	fence01_door01	ÌåÉ ÇáÍÇÆØ ÇáÃãÇãíÉ	-1000	-54	1000	20	0	0	360	3000000	"90010.50"	0	0	1	1	0
14202	WALL	fence01_back01	ÌåÉ ÇáÍÇÆØ ÇáÎáİíÉ	-1000	-18	1000	18	0	0	360	3000000	"90010.50"	0	0	1	1	0
14203	WALL	fence01_left01	íÓÇÑ ÇáÍÇÆØ	-19	-1362	19	1362	0	0	360	3000000	"90010.50"	0	0	1	1	0
14204	WALL	fence01_right01	íãíä ÇáÍÇÆØ	-18	-1362	18	1362	0	0	360	3000000	"90010.50"	0	0	1	1	0
14300	OBJECT	general_obj_stone01	ÍÌÑ (1)	-116.04	-118.44	116.04	118.44	0	0	360	300000	90010,5	0	0	0	1	0
14301	OBJECT	general_obj_stone02	ÍÌÑ (2)	-118.05	-132.67	118.05	132.67	0	0	360	300000	90010,5	0	0	0	1	0
14302	OBJECT	general_obj_stone03	ÍÌÑ (3)	-133.43	-102.96	133.43	102.96	0	0	360	300000	90010,7	0	0	0	1	0
14303	OBJECT	general_obj_stone04	ÍÌÑ (4)	-104.21	-117.82	104.21	117.82	0	0	360	300000	90010,7	0	0	0	1	0
14304	OBJECT	general_obj_stone05	ÍÌÑ (5)	-171.59	-145.52	171.59	145.52	0	0	360	300000	90010,7	0	0	0	1	0
14305	OBJECT	general_obj_stone06	ÍÌÑ (6)	-192.74	-201.58	192.74	201.58	0	0	360	300000	90010,8	0	0	0	1	0
14306	OBJECT	general_obj_stone07	ÍÌÑ (7)	-183.58	-184.01	183.58	184.01	0	0	360	300000	90010,8	0	0	0	1	0
14307	OBJECT	general_obj_stone08	ÍÌÑ (8)	-66.89	-56.67	66.89	56.67	0	0	360	300000	90010,8	0	0	0	1	0
14308	OBJECT	general_obj_stone09	ÍÌÑ (9)	-65.87	-53.47	65.87	53.47	0	0	360	300000	90010,9	0	0	0	1	0
14309	OBJECT	general_obj_stone10	ÍÌÑ (10)	-182.17	-123.03	182.17	123.03	0	0	360	300000	90010,9	0	0	0	1	0
14400	OBJECT	B1_PagodaTree_RT	ÔÌÑÉ (1)					0	0	360	2000000	90011,5	0	0	0	1	0
14401	OBJECT	B1_PagodaTree_RT3	ÔÌÑÉ (2)					0	0	360	2000000	90011,5	0	0	0	1	0
14402	OBJECT	B1_Sassafras_RT_Fall	ÔÌÑÉ (3)					0	0	360	2000000	90011,7	0	0	0	1	0
14403	OBJECT	B1_Sassafras_RT_Fall2	ÔÌÑÉ (4)					0	0	360	2000000	90011,7	0	0	0	1	0
14404	OBJECT	B3_ShingleOak_RT2	ÔÌÑÉ (5)					0	0	360	2000000	90011,7	0	0	0	1	0
14405	OBJECT	B2_IvySpy_RT	ÔÌÑÉ (6)					0	0	360	2000000	90011,9	0	0	0	1	0
14406	OBJECT	B2_IvySpy_RT4	ÔÌÑÉ (7)					0	0	360	2000000	90011,9	0	0	0	1	0
14407	OBJECT	B2_JapaneseMaple_RT_Fall	ÔÌÑÉ (8)					0	0	360	2000000	90011,9	0	0	0	1	0
14408	OBJECT	B2_JapaneseMaple_RT_Fall2	ÔÌÑÉ (9)					0	0	360	2000000	90011,9	0	0	0	1	0
20139	OBJECT	flag_a	áæÇÁ ÇáÑÇÈØÉ (ÈäİÓÌí)	-100	-100	100	100	0	0	360	1000000	90011,0	0	0	0	1	0
20140	OBJECT	flag_b	áæÇÁ ÇáÑÇÈØÉ (ÃÒÑŞ/ÃÎÖÑ)	-100	-100	100	100	0	0	360	1000000	90011,0	0	0	0	1	0
20141	OBJECT	flag_c	áæÇÁ ÇáÑÇÈØÉ (ÃÍãÑ/ĞåÈí)	-100	-100	100	100	0	0	360	1000000	90011,0	0	0	0	1	0